"V1","V2","V3","V4","V5","V6","V7","V8","V9","V10","V11","V12","V13","V14","V15","V16","V17","V18","V19","V20","V21","V22","V23","V24","V25","V26","V27","V28","V29","V30","V31","V32","V33","V34","V35","V36","V37","V38","V39","V40"
-0.0687631019703248,1.13594991346006,0.576798430794579,0.769844552778792,-0.288255351119662,0.940200484585623,-0.688728586944437,-0.154868909961654,0.348798923236208,0.0391313765303712,-0.0245479530563259,0.749180098796096,0.561687224207636,0.876917695333806,-3.95084392174536,0.859387554068947,0.322564459901154,-1.81512421125498,-0.00544961874430791,0.141390582127324,0.90860902013339,1.4842428605067,0.27183541818944,-0.497712304377761,-0.355728225343631,0.576181416922235,0.867281277937191,-0.146142680945884,1.21751001499643,-0.515656047548465,1.76650570593633,0.520983927247566,1.11483669189077,1.46445981366076,0.0225566370227082,0.475176159336282,-0.24168687573926,-1.01355179173214,-0.359326428384896,-3.95938914376327
